nhat bui
8
22 11 21 11 20 11 19 11 18 11 17 11 16 11 15 11 
2
2
300
65
68
3
0 0
27 15
40 17
47 5
1
2
10 10
10 12
11 10
11 12
10 11
11 11
0
6
39 8
39 7
38 7
79
15 5
70 5
15 6
70 6
15 7
70 7
15 8
70 8
15 9
70 9
15 10
70 10
15 18
70 18
15 19
70 19
15 20
70 20
15 21
70 21
15 22
70 22
15 23
70 23
25 12
33 12
41 12
54 12
25 13
33 13
41 13
54 13
25 14
33 14
41 14
54 14
25 15
33 15
41 15
54 15
25 16
33 16
41 16
54 16
26 12
42 12
52 12
27 12
43 12
53 12
28 12
44 12
54 12
29 12
45 12
55 12
30 12
46 12
56 12
26 16
34 16
42 16
52 16
27 16
35 16
43 16
53 16
28 16
36 16
44 16
54 16
29 16
37 16
45 16
55 16
30 16
38 16
46 16
56 16
